29.9020559788	583.67949253	0.862547288777	0.786427145709	0.994949494949
66.2339110374	298.527990692	0.923076923077	0.98833819242	0.856060606061
102.471250057	170.445788056	0.958385876419	0.939467312349	0.979797979798
136.623523951	70.1305338894	0.959646910467	0.971502590674	0.94696969697
168.692121029	58.8631689157	0.954602774275	0.928571428571	0.984848484848
202.816210985	73.7283234092	0.965952080706	0.971867007673	0.959595959596
232.752447844	39.9420196745	0.959646910467	0.93961352657	0.982323232323
264.807301998	58.5179490289	0.962168978562	0.98670212766	0.936868686869
296.874361038	42.2328868211	0.970996216898	0.965087281796	0.977272727273
324.676805019	27.2594855791	0.960907944515	0.99727520436	0.924242424242
356.741153002	48.0178834958	0.972257250946	0.9675	0.977272727273
382.391777039	17.4834056128	0.965952080706	0.994638069705	0.936868686869
