27.3427901268	583.67949253	0.862547288777	0.786427145709	0.994949494949
60.9113371372	297.06346074	0.968474148802	0.964912280702	0.972222222222
85.0042600632	37.0318221722	0.962168978562	0.944174757282	0.982323232323
115.316093206	62.7783839319	0.96973518285	0.989473684211	0.949494949495
145.633158207	41.794518767	0.96973518285	0.962686567164	0.977272727273
175.956253052	29.1776850346	0.970996216898	0.981912144703	0.959595959596
206.265307188	20.9448585535	0.970996216898	0.965087281796	0.977272727273
236.611164093	15.9979865999	0.970996216898	0.976982097187	0.964646464646
266.94871521	12.6914097978	0.972257250946	0.9675	0.977272727273
297.25733304	10.4616679231	0.96973518285	0.972081218274	0.967171717172
326.08122611	8.83928550131	0.972257250946	0.9675	0.977272727273
356.335147142	13.316612583	0.968474148802	0.97442455243	0.962121212121
