27.4463410378	583.67949253	0.862547288777	0.786427145709	0.994949494949
59.357874155	298.527990692	0.923076923077	0.98833819242	0.856060606061
91.3638510704	170.445788056	0.958385876419	0.939467312349	0.979797979798
121.920416117	70.1305338894	0.959646910467	0.971502590674	0.94696969697
150.588715076	58.8631689157	0.954602774275	0.928571428571	0.984848484848
180.811285019	73.7283234092	0.965952080706	0.971867007673	0.959595959596
207.913712025	39.9420196745	0.959646910467	0.93961352657	0.982323232323
236.599039078	58.5179490289	0.962168978562	0.98670212766	0.936868686869
265.250128031	42.2328868211	0.970996216898	0.965087281796	0.977272727273
290.748867989	27.2594855791	0.960907944515	0.99727520436	0.924242424242
319.385385036	48.0178834958	0.972257250946	0.9675	0.977272727273
343.339969158	17.4834056128	0.965952080706	0.994638069705	0.936868686869
