27.4658110142	583.67949253	0.862547288777	0.786427145709	0.994949494949
61.1336810589	299.775934822	0.965952080706	0.964735516373	0.967171717172
88.3977179527	43.7746643764	0.958385876419	0.93734939759	0.982323232323
122.057084084	77.2575715902	0.970996216898	0.967418546366	0.974747474747
147.728003025	18.357935141	0.968474148802	0.962593516209	0.974747474747
181.293971062	24.6213582722	0.968474148802	0.96725440806	0.969696969697
210.13943696	7.27258982511	0.970996216898	0.967418546366	0.974747474747
242.107989073	9.2079571093	0.96973518285	0.969696969697	0.969696969697
274.061290979	7.52775797955	0.96973518285	0.967336683417	0.972222222222
306.045149088	6.184439502	0.96973518285	0.969696969697	0.969696969697
338.017276049	5.10563365225	0.968474148802	0.96725440806	0.969696969697
370.127334118	4.24944874964	0.968474148802	0.96725440806	0.969696969697
