(5088680402401995733, 5633311351868434499)
(5088680402401995733, 1963180937842466177)
(3978863293512734652, 5633311351868434499)
(7666984131719972667, 5633311351868434499)
(5897189019220884548, 3978863293512734652)
(3978863293512734652, 2023148349147468681)
(2023148349147468681, 2727644936089495450)
(5334690128987556353, 2727644936089495450)
(5846103036115642278, 2727644936089495450)
(5334690128987556353, 7548394899981340896)
(1088132028126179424, 7548394899981340896)
(7548394899981340896, 2717441818119289755)
(8936110518007762826, 2717441818119289755)
(1118414800931538501, 2717441818119289755)
(8936110518007762826, 5469068452363158971)
(5469068452363158971, 1078039936561958390)
(504924304827273341, 1078039936561958390)
(4428146713659911585, 1078039936561958390)
(5897189019220884548, 7666984131719972667)
(2023148349147468681, 1963180937842466177)
(5897189019220884548, 1963180937842466177)
(5846103036115642278, 1963180937842466177)
(7300508110841256032, 1963180937842466177)
(5334690128987556353, 4166012744862240159)
(5846103036115642278, 4166012744862240159)
(1088132028126179424, 4166012744862240159)
(1118414800931538501, 1088132028126179424)
(1930244765302577217, 1088132028126179424)
(8936110518007762826, 6330262120194447842)
(1118414800931538501, 6330262120194447842)
(1424404510967582439, 6330262120194447842)
(5469068452363158971, 504924304827273341)
(6330262120194447842, 504924304827273341)
(4428146713659911585, 504924304827273341)
(4965896657464149378, 504924304827273341)
(7666984131719972667, 1514460133087038438)
(1085478628391649285, 1514460133087038438)
(7316816924358054807, 1514460133087038438)
(5897189019220884548, 1085478628391649285)
(4283668414727448674, 1085478628391649285)
(1085478628391649285, 7300508110841256032)
(1541669400639725827, 7300508110841256032)
(5846103036115642278, 7634047959180083707)
(7300508110841256032, 7634047959180083707)
(4166012744862240159, 6727950973158442314)
(7634047959180083707, 6727950973158442314)
(1930244765302577217, 6727950973158442314)
(7883668919892241939, 6727950973158442314)
