(8174005575084307768, 8292685810751966305)
(8730455626619897933, 4738601670943169348)
(5069445681981699139, 4484888898921513474)
(320912596101208604, 8538166507275899211)
(4319385327290251286, 8558352365307787053)
(4319385327290251286, 8877210593812151938)
(8055487026984966729, 822246665821072302)
(3672480628482477559, 7941851862541315469)
(2494614689948724367, 8538166507275899211)
(2913855033873642885, 4063633071244237856)
(8530040463184628192, 2997512028591545587)
(5069445681981699139, 3089392994428422460)
(822246665821072302, 3169615289903656211)
(7547417858295491999, 4738601670943169348)
(8530040463184628192, 3089392994428422460)
(8530040463184628192, 9213391108446832719)
(8174005575084307768, 7941851862541315469)
(147710231987477123, 8645048881221159751)
(8730455626619897933, 3644416727655320082)
(8055487026984966729, 4063633071244237856)
(3169615289903656211, 4738601670943169348)
(2647017302906598453, 822246665821072302)
(4484888898921513474, 7941851862541315469)
(8530040463184628192, 3169615289903656211)
(7072832422031830696, 8538166507275899211)
(7582472859628262556, 8055487026984966729)
(8877210593812151938, 8645048881221159751)
(3672480628482477559, 320912596101208604)
(6389737778113628025, 320912596101208604)
(8292685810751966305, 8538166507275899211)
(4319385327290251286, 8055487026984966729)
(8292685810751966305, 9205265064419561732)
(9213391108446832719, 4738601670943169348)
(2857239281565429361, 3089392994428422460)
(3644416727655320082, 4484888898921513474)
(8174005575084307768, 320912596101208604)
(147710231987477123, 2997512028591545587)
(8877210593812151938, 2857239281565429361)
(5069445681981699139, 9213391108446832719)
(4319385327290251286, 2997512028591545587)
(8538166507275899211, 9205265064419561732)
(8558352365307787053, 4063633071244237856)
(2494614689948724367, 9205265064419561732)
(3644416727655320082, 9213391108446832719)
(822246665821072302, 2997512028591545587)
(3672480628482477559, 3644416727655320082)
(2857239281565429361, 2997512028591545587)
(8558352365307787053, 8645048881221159751)
